# Initial Setup
# Nodes, FIXED/FREE, X,  Y,  U,  V, Fx, Fy
       1  FREE   1500.0000       2600.0000       0.0000000       0.0000000       0.0000000       0.0000000    
       2  FREE   4500.0000       2600.0000       0.0000000       0.0000000       0.0000000      -30000.000    
       3  FREE   7500.0000       2600.0000       0.0000000       0.0000000       0.0000000       0.0000000    
       4 FIXED   0.0000000       0.0000000       0.0000000       0.0000000       0.0000000       0.0000000    
       5  FREE   3000.0000       0.0000000       0.0000000       0.0000000       0.0000000       0.0000000    
       6  FREE   6000.0000       0.0000000       0.0000000       0.0000000       0.0000000       0.0000000    
       7 FIXED   9000.0000       0.0000000       0.0000000       0.0000000       0.0000000       0.0000000    
# Elems,  Node_1,  Node_2, sigma, epsilon, l, theta[rad], theta[deg]
       1        1        2   0.0000000       0.0000000       3000.0000       0.0000000       0.0000000    
       2        2        3   0.0000000       0.0000000       3000.0000       0.0000000       0.0000000    
       3        1        4   0.0000000       0.0000000       3001.6662       1.0475180       60.018361    
       4        1        5   0.0000000       0.0000000       3001.6662      -1.0475180      -60.018361    
       5        2        5   0.0000000       0.0000000       3001.6662       1.0475180       60.018361    
       6        2        6   0.0000000       0.0000000       3001.6662      -1.0475180      -60.018361    
       7        3        6   0.0000000       0.0000000       3001.6662       1.0475180       60.018361    
       8        3        7   0.0000000       0.0000000       3001.6662      -1.0475180      -60.018361    
       9        4        5   0.0000000       0.0000000       3000.0000       0.0000000       0.0000000    
      10        5        6   0.0000000       0.0000000       3000.0000       0.0000000       0.0000000    
      11        6        7   0.0000000       0.0000000       3000.0000       0.0000000       0.0000000    
# Total stiffness matrix
   6996.1165       0.0000000      -4666.6667       0.0000000       0.0000000       0.0000000      -1164.7249      -2018.8565      -1164.7249       2018.8565       0.0000000       0.0000000       0.0000000       0.0000000    
   0.0000000       6998.7026       0.0000000       0.0000000       0.0000000       0.0000000      -2018.8565      -3499.3513       2018.8565      -3499.3513       0.0000000       0.0000000       0.0000000       0.0000000    
  -4666.6667       0.0000000       11662.783       0.0000000      -4666.6667       0.0000000       0.0000000       0.0000000      -1164.7249      -2018.8565      -1164.7249       2018.8565       0.0000000       0.0000000    
   0.0000000       0.0000000       0.0000000       6998.7026       0.0000000       0.0000000       0.0000000       0.0000000      -2018.8565      -3499.3513       2018.8565      -3499.3513       0.0000000       0.0000000    
   0.0000000       0.0000000      -4666.6667       0.0000000       6996.1165       0.0000000       0.0000000       0.0000000       0.0000000       0.0000000      -1164.7249      -2018.8565      -1164.7249       2018.8565    
   0.0000000       0.0000000       0.0000000       0.0000000       0.0000000       6998.7026       0.0000000       0.0000000       0.0000000       0.0000000      -2018.8565      -3499.3513       2018.8565      -3499.3513    
  -1164.7249      -2018.8565       0.0000000       0.0000000       0.0000000       0.0000000       5831.3916       2018.8565      -4666.6667       0.0000000       0.0000000       0.0000000       0.0000000       0.0000000    
  -2018.8565      -3499.3513       0.0000000       0.0000000       0.0000000       0.0000000       2018.8565       3499.3513       0.0000000       0.0000000       0.0000000       0.0000000       0.0000000       0.0000000    
  -1164.7249       2018.8565      -1164.7249      -2018.8565       0.0000000       0.0000000      -4666.6667       0.0000000       11662.783       0.0000000      -4666.6667       0.0000000       0.0000000       0.0000000    
   2018.8565      -3499.3513      -2018.8565      -3499.3513       0.0000000       0.0000000       0.0000000       0.0000000       0.0000000       6998.7026       0.0000000       0.0000000       0.0000000       0.0000000    
   0.0000000       0.0000000      -1164.7249       2018.8565      -1164.7249      -2018.8565       0.0000000       0.0000000      -4666.6667       0.0000000       11662.783       0.0000000      -4666.6667       0.0000000    
   0.0000000       0.0000000       2018.8565      -3499.3513      -2018.8565      -3499.3513       0.0000000       0.0000000       0.0000000       0.0000000       0.0000000       6998.7026       0.0000000       0.0000000    
   0.0000000       0.0000000       0.0000000       0.0000000      -1164.7249       2018.8565       0.0000000       0.0000000       0.0000000       0.0000000      -4666.6667       0.0000000       5831.3916      -2018.8565    
   0.0000000       0.0000000       0.0000000       0.0000000       2018.8565      -3499.3513       0.0000000       0.0000000       0.0000000       0.0000000       0.0000000       0.0000000      -2018.8565       3499.3513    
# RESULT::Nodes
# Node No., Xbefore, Ybefore, X2after, Y2after, U, V, Fx, Fy
       1   1500.0000       2600.0000       1503.7088       2593.5738       3.7087912      -6.4261960       0.0000000       0.0000000    
       2   4500.0000       2600.0000       4500.0000       2581.4346      0.85099466E-15  -18.565359      0.36379788E-11  -30000.000    
       3   7500.0000       2600.0000       7496.2912       2593.5738      -3.7087912      -6.4261960       0.0000000       0.0000000    
       4   0.0000000       0.0000000       0.0000000       0.0000000       0.0000000       0.0000000       14423.077       15000.000    
       5   3000.0000       0.0000000       2998.7637      -13.565621      -1.2362637      -13.565621      0.81854523E-11   0.0000000    
       6   6000.0000       0.0000000       6001.2363      -13.565621       1.2362637      -13.565621     -0.36379788E-11 -0.14551915E-10
       7   9000.0000       0.0000000       9000.0000       0.0000000       0.0000000       0.0000000      -14423.077       15000.000    
# RESULT::Elems
# elems [le,re], Stress, Strain
         1         1         2  -86.538462     -0.12362637E-02
         2         2         3  -86.538462     -0.12362637E-02
         3         1         4   86.586525      0.12369504E-02
         4         1         5   86.586525      0.12369504E-02
         5         2         5   86.586525      0.12369504E-02
         6         2         6  -86.586525     -0.12369504E-02
         7         3         6  -86.586525     -0.12369504E-02
         8         3         7  -86.586525     -0.12369504E-02
         9         4         5  -28.846154     -0.41208791E-03
        10         5         6   57.692308      0.82417582E-03
        11         6         7  -28.846154     -0.41208791E-03
# Elem No., (X1,Y1)bef, (X2,Y2)bef, (X1,Y1)aft, (X2,Y2)aft
        1   1500.0000       2600.0000       4500.0000       2600.0000       1503.7088       2593.5738       4500.0000       2581.4346    
        2   4500.0000       2600.0000       7500.0000       2600.0000       4500.0000       2581.4346       7496.2912       2593.5738    
        3   1500.0000       2600.0000       0.0000000       0.0000000       1503.7088       2593.5738       0.0000000       0.0000000    
        4   1500.0000       2600.0000       3000.0000       0.0000000       1503.7088       2593.5738       2998.7637      -13.565621    
        5   4500.0000       2600.0000       3000.0000       0.0000000       4500.0000       2581.4346       2998.7637      -13.565621    
        6   4500.0000       2600.0000       6000.0000       0.0000000       4500.0000       2581.4346       6001.2363      -13.565621    
        7   7500.0000       2600.0000       6000.0000       0.0000000       7496.2912       2593.5738       6001.2363      -13.565621    
        8   7500.0000       2600.0000       9000.0000       0.0000000       7496.2912       2593.5738       9000.0000       0.0000000    
        9   0.0000000       0.0000000       3000.0000       0.0000000       0.0000000       0.0000000       2998.7637      -13.565621    
       10   3000.0000       0.0000000       6000.0000       0.0000000       2998.7637      -13.565621       6001.2363      -13.565621    
       11   6000.0000       0.0000000       9000.0000       0.0000000       6001.2363      -13.565621       9000.0000       0.0000000    
