# Initial Setup
# Nodes, FIXED/FREE, X,  Y,  U,  V, Fx, Fy
       1  FREE   0.0000000       3000.0000       0.0000000       0.0000000       0.0000000       0.0000000    
       2  FREE   3000.0000       3000.0000       0.0000000       0.0000000       0.0000000      -30000.000    
       3  FREE   6000.0000       3000.0000       0.0000000       0.0000000       0.0000000       0.0000000    
       4 FIXED   0.0000000       0.0000000       0.0000000       0.0000000       0.0000000       0.0000000    
       5  FREE   3000.0000       0.0000000       0.0000000       0.0000000       0.0000000       0.0000000    
       6 FIXED   6000.0000       0.0000000       0.0000000       0.0000000       0.0000000       0.0000000    
# Elems,  Node_1,  Node_2, sigma, epsilon, l, theta[rad], theta[deg]
       1        1        2   0.0000000       0.0000000       3000.0000       0.0000000       0.0000000    
       2        2        3   0.0000000       0.0000000       3000.0000       0.0000000       0.0000000    
       3        1        4   0.0000000       0.0000000       3000.0000       1.5707963       90.000000    
       4        2        4   0.0000000       0.0000000       4242.6407      0.78539816       45.000000    
       5        2        5   0.0000000       0.0000000       3000.0000       1.5707963       90.000000    
       6        2        6   0.0000000       0.0000000       4242.6407     -0.78539816      -45.000000    
       7        3        6   0.0000000       0.0000000       3000.0000       1.5707963       90.000000    
       8        4        5   0.0000000       0.0000000       3000.0000       0.0000000       0.0000000    
       9        5        6   0.0000000       0.0000000       3000.0000       0.0000000       0.0000000    
# Total stiffness matrix
   4666.6667       0.0000000      -4666.6667       0.0000000       0.0000000       0.0000000       0.0000000       0.0000000       0.0000000       0.0000000       0.0000000       0.0000000    
   0.0000000       4666.6667       0.0000000       0.0000000       0.0000000       0.0000000       0.0000000      -4666.6667       0.0000000       0.0000000       0.0000000       0.0000000    
  -4666.6667       0.0000000       12633.165       0.0000000      -4666.6667       0.0000000      -1649.9158      -1649.9158       0.0000000       0.0000000      -1649.9158       1649.9158    
   0.0000000       0.0000000       0.0000000       7966.4983       0.0000000       0.0000000      -1649.9158      -1649.9158       0.0000000      -4666.6667       1649.9158      -1649.9158    
   0.0000000       0.0000000      -4666.6667       0.0000000       4666.6667       0.0000000       0.0000000       0.0000000       0.0000000       0.0000000       0.0000000       0.0000000    
   0.0000000       0.0000000       0.0000000       0.0000000       0.0000000       4666.6667       0.0000000       0.0000000       0.0000000       0.0000000       0.0000000      -4666.6667    
   0.0000000       0.0000000      -1649.9158      -1649.9158       0.0000000       0.0000000       6316.5825       1649.9158      -4666.6667       0.0000000       0.0000000       0.0000000    
   0.0000000      -4666.6667      -1649.9158      -1649.9158       0.0000000       0.0000000       1649.9158       6316.5825       0.0000000       0.0000000       0.0000000       0.0000000    
   0.0000000       0.0000000       0.0000000       0.0000000       0.0000000       0.0000000      -4666.6667       0.0000000       9333.3333       0.0000000      -4666.6667       0.0000000    
   0.0000000       0.0000000       0.0000000      -4666.6667       0.0000000       0.0000000       0.0000000       0.0000000       0.0000000       4666.6667       0.0000000       0.0000000    
   0.0000000       0.0000000      -1649.9158       1649.9158       0.0000000       0.0000000       0.0000000       0.0000000      -4666.6667       0.0000000       6316.5825      -1649.9158    
   0.0000000       0.0000000       1649.9158      -1649.9158       0.0000000      -4666.6667       0.0000000       0.0000000       0.0000000       0.0000000      -1649.9158       6316.5825    
# RESULT::Nodes
# Node No., Xbefore, Ybefore, X2after, Y2after, U, V, Fx, Fy
       1   0.0000000       3000.0000       0.0000000       3000.0000       0.0000000       0.0000000       0.0000000       0.0000000    
       2   3000.0000       3000.0000       3000.0000       2990.9086       0.0000000      -9.0913729       0.0000000      -30000.000    
       3   6000.0000       3000.0000       6000.0000       3000.0000       0.0000000       0.0000000       0.0000000       0.0000000    
       4   0.0000000       0.0000000       0.0000000       0.0000000       0.0000000       0.0000000       15000.000       15000.000    
       5   3000.0000       0.0000000       3000.0000      -9.0913729       0.0000000      -9.0913729       0.0000000       0.0000000    
       6   6000.0000       0.0000000       6000.0000       0.0000000       0.0000000       0.0000000      -15000.000       15000.000    
# RESULT::Elems
# elems [le,re], Stress, Strain
         1         1         2   0.0000000       0.0000000    
         2         2         3   0.0000000       0.0000000    
         3         1         4   0.0000000       0.0000000    
         4         2         4   106.06602      0.15152288E-02
         5         2         5   0.0000000       0.0000000    
         6         2         6  -106.06602     -0.15152288E-02
         7         3         6   0.0000000       0.0000000    
         8         4         5   0.0000000       0.0000000    
         9         5         6   0.0000000       0.0000000    
# Elem No., (X1,Y1)bef, (X2,Y2)bef, (X1,Y1)aft, (X2,Y2)aft
        1   0.0000000       3000.0000       3000.0000       3000.0000       0.0000000       3000.0000       3000.0000       2990.9086    
        2   3000.0000       3000.0000       6000.0000       3000.0000       3000.0000       2990.9086       6000.0000       3000.0000    
        3   0.0000000       3000.0000       0.0000000       0.0000000       0.0000000       3000.0000       0.0000000       0.0000000    
        4   3000.0000       3000.0000       0.0000000       0.0000000       3000.0000       2990.9086       0.0000000       0.0000000    
        5   3000.0000       3000.0000       3000.0000       0.0000000       3000.0000       2990.9086       3000.0000      -9.0913729    
        6   3000.0000       3000.0000       6000.0000       0.0000000       3000.0000       2990.9086       6000.0000       0.0000000    
        7   6000.0000       3000.0000       6000.0000       0.0000000       6000.0000       3000.0000       6000.0000       0.0000000    
        8   0.0000000       0.0000000       3000.0000       0.0000000       0.0000000       0.0000000       3000.0000      -9.0913729    
        9   3000.0000       0.0000000       6000.0000       0.0000000       3000.0000      -9.0913729       6000.0000       0.0000000    
