# Initial Setup
# Nodes, FIXED/FREE, X,  Y,  U,  V, Fx, Fy
       1  FREE   1500.0000       5600.0000       0.0000000       0.0000000       0.0000000      -30000.000    
       2  FREE   0.0000000       3000.0000       0.0000000       0.0000000       0.0000000       0.0000000    
       3  FREE   3000.0000       3000.0000       0.0000000       0.0000000       0.0000000       0.0000000    
       4 FIXED   0.0000000       0.0000000       0.0000000       0.0000000       0.0000000       0.0000000    
       5 FIXED   3000.0000       0.0000000       0.0000000       0.0000000       0.0000000       0.0000000    
# Elems,  Node_1,  Node_2, sigma, epsilon, l, theta[rad], theta[deg]
       1        1        2   0.0000000       0.0000000       3001.6662       1.0475180       60.018361    
       2        1        3   0.0000000       0.0000000       3001.6662      -1.0475180      -60.018361    
       3        2        3   0.0000000       0.0000000       3000.0000       0.0000000       0.0000000    
       4        2        4   0.0000000       0.0000000       3000.0000       1.5707963       90.000000    
       5        4        5   0.0000000       0.0000000       3000.0000       0.0000000       0.0000000    
       6        3        5   0.0000000       0.0000000       3000.0000       1.5707963       90.000000    
# Total stiffness matrix
   2329.4498       0.0000000      -1164.7249      -2018.8565      -1164.7249       2018.8565       0.0000000       0.0000000       0.0000000       0.0000000    
   0.0000000       6998.7026      -2018.8565      -3499.3513       2018.8565      -3499.3513       0.0000000       0.0000000       0.0000000       0.0000000    
  -1164.7249      -2018.8565       5831.3916       2018.8565      -4666.6667       0.0000000       0.0000000       0.0000000       0.0000000       0.0000000    
  -2018.8565      -3499.3513       2018.8565       8166.0180       0.0000000       0.0000000       0.0000000      -4666.6667       0.0000000       0.0000000    
  -1164.7249       2018.8565      -4666.6667       0.0000000       5831.3916      -2018.8565       0.0000000       0.0000000       0.0000000       0.0000000    
   2018.8565      -3499.3513       0.0000000       0.0000000      -2018.8565       8166.0180       0.0000000       0.0000000       0.0000000      -4666.6667    
   0.0000000       0.0000000       0.0000000       0.0000000       0.0000000       0.0000000       4666.6667       0.0000000      -4666.6667       0.0000000    
   0.0000000       0.0000000       0.0000000      -4666.6667       0.0000000       0.0000000       0.0000000       4666.6667       0.0000000       0.0000000    
   0.0000000       0.0000000       0.0000000       0.0000000       0.0000000       0.0000000      -4666.6667       0.0000000       4666.6667       0.0000000    
   0.0000000       0.0000000       0.0000000       0.0000000       0.0000000      -4666.6667       0.0000000       0.0000000       0.0000000       4666.6667    
# RESULT::Nodes
# Node No., Xbefore, Ybefore, X2after, Y2after, U, V, Fx, Fy
       1   1500.0000       5600.0000       1500.0728       5591.9643      0.72802198E-01  -8.0357163      0.90949470E-12  -30000.000    
       2   0.0000000       3000.0000     -0.85439560       2996.7857     -0.85439560      -3.2142857     -0.18189894E-11  0.36379788E-11
       3   3000.0000       3000.0000       3001.0000       2996.7857       1.0000000      -3.2142857     -0.90949470E-12   0.0000000    
       4   0.0000000       0.0000000       0.0000000       0.0000000       0.0000000       0.0000000       0.0000000       15000.000    
       5   3000.0000       0.0000000       3000.0000       0.0000000       0.0000000       0.0000000       0.0000000       15000.000    
# RESULT::Elems
# elems [le,re], Stress, Strain
         1         1         2   86.586525      0.12369504E-02
         2         1         3  -86.586525     -0.12369504E-02
         3         2         3   43.269231      0.61813187E-03
         4         2         4   75.000000      0.10714286E-02
         5         4         5   0.0000000       0.0000000    
         6         3         5   75.000000      0.10714286E-02
# Elem No., (X1,Y1)bef, (X2,Y2)bef, (X1,Y1)aft, (X2,Y2)aft
        1   1500.0000       5600.0000       0.0000000       3000.0000       1500.0728       5591.9643     -0.85439560       2996.7857    
        2   1500.0000       5600.0000       3000.0000       3000.0000       1500.0728       5591.9643       3001.0000       2996.7857    
        3   0.0000000       3000.0000       3000.0000       3000.0000     -0.85439560       2996.7857       3001.0000       2996.7857    
        4   0.0000000       3000.0000       0.0000000       0.0000000     -0.85439560       2996.7857       0.0000000       0.0000000    
        5   0.0000000       0.0000000       3000.0000       0.0000000       0.0000000       0.0000000       3000.0000       0.0000000    
        6   3000.0000       3000.0000       3000.0000       0.0000000       3001.0000       2996.7857       3000.0000       0.0000000    
