https://github.com/naka-tomo/image_proc_exp/blob/master/README.md

[[70. 70. 70. 70. 70. 70. 70. 70. 70. 70.]
 [70. 70. 70. 70. 70. 70. 70. 70. 70. 70.]
 [70. 70. 70. 70. 70. 70. 70. 70. 70. 70.]
 [70. 70. 70. 70. 70. 70. 70. 70. 70. 70.]
 [70. 70. 70. 70. 70. 70. 70. 70. 70. 70.]
 [70. 70. 70. 70. 70. 70. 70. 70. 70. 70.]
 [70. 70. 70. 70. 70. 70. 70. 70. 70. 70.]
 [70. 70. 70. 70. 70. 70. 70. 70. 70. 70.]
 [70. 70. 70. 70. 70. 70. 70. 70. 70. 70.]
 [70. 70. 70. 70. 70. 70. 70. 70. 70. 70.]]
[[150. 150. 150. 150. 150. 150. 150. 150. 150. 150.]
 [150. 150. 150. 150. 150. 150. 150. 150. 150. 150.]
 [150. 150. 150. 150. 150. 150. 150. 150. 150. 150.]
 [150. 150. 150. 150. 150. 150. 150. 150. 150. 150.]
 [150. 150. 150. 150. 150. 150. 150. 150. 150. 150.]
 [150. 150. 150. 150. 150. 150. 150. 150. 150. 150.]
 [150. 150. 150. 150. 150. 150. 150. 150. 150. 150.]
 [150. 150. 150. 150. 150. 150. 150. 150. 150. 150.]
 [150. 150. 150. 150. 150. 150. 150. 150. 150. 150.]
 [150. 150. 150. 150. 150. 150. 150. 150. 150. 150.]]

[[200. 200. 200. 200. 200. 200. 200. 200. 200. 200.]
 [200. 200. 200. 200. 200. 200. 200. 200. 200. 200.]
 [200. 200. 200. 200. 200. 200. 200. 200. 200. 200.]
 [200. 200. 200. 200. 200. 200. 200. 200. 200. 200.]
 [200. 200. 200. 200. 200. 200. 200. 200. 200. 200.]
 [200. 200. 200. 200. 200. 200. 200. 200. 200. 200.]
 [200. 200. 200. 200. 200. 200. 200. 200. 200. 200.]
 [200. 200. 200. 200. 200. 200. 200. 200. 200. 200.]
 [200. 200. 200. 200. 200. 200. 200. 200. 200. 200.]
 [200. 200. 200. 200. 200. 200. 200. 200. 200. 200.]]

kadai2
‰æ‘f’l
[[0. 0. 0. 0. 0. 0. 0. 0. 0. 0.]
 [0. 0. 0. 0. 0. 0. 0. 0. 0. 0.]
 [0. 0. 0. 0. 0. 0. 0. 0. 0. 0.]
 [0. 0. 0. 0. 0. 0. 0. 0. 0. 0.]
 [0. 0. 0. 0. 0. 0. 0. 0. 0. 0.]
 [0. 0. 0. 0. 0. 0. 0. 0. 0. 0.]
 [0. 0. 0. 0. 0. 0. 0. 0. 0. 0.]
 [0. 0. 0. 0. 0. 0. 0. 0. 0. 0.]
 [0. 0. 0. 0. 0. 0. 0. 0. 0. 0.]
 [0. 0. 0. 0. 0. 0. 0. 0. 0. 0.]]
•ÏŠ·Œã‚Ì‰æ‘œ
[[  0.   0.   0.   0.   0.   0.   0.   0.   0.   0.]
 [  0.   0.   0.   0.   0.   0.   0.   0.   0.   0.]
 [  0.   0.   0.   0.   0.   0.   0.   0.   0.   0.]
 [  0.   0.   0.   0.   0.   0.   0. 255.   0.   0.]
 [  0.   0.   0.   0.   0.   0.   0.   0.   0.   0.]
 [  0.   0.   0.   0.   0.   0.   0.   0.   0.   0.]
 [  0.   0.   0.   0.   0.   0.   0.   0.   0.   0.]
 [  0.   0.   0.   0.   0.   0.   0.   0.   0.   0.]
 [  0.   0.   0.   0.   0.   0.   0.   0.   0.   0.]
 [  0.   0.   0.   0.   0.   0.   0.   0.   0.   0.]]

[[255.   0.   0.   0.   0.   0.   0.   0.   0.   0.]
 [  0.   0.   0.   0.   0.   0.   0.   0.   0.   0.]
 [  0.   0.   0.   0.   0.   0.   0.   0.   0.   0.]
 [  0.   0.   0.   0.   0.   0.   0.   0.   0.   0.]
 [  0.   0.   0.   0.   0.   0.   0.   0.   0.   0.]
 [  0.   0.   0.   0.   0.   0.   0.   0.   0.   0.]
 [  0.   0.   0.   0.   0.   0.   0.   0.   0.   0.]
 [  0.   0.   0.   0.   0.   0.   0.   0.   0.   0.]
 [  0.   0.   0.   0.   0.   0.   0.   0.   0.   0.]
 [  0.   0.   0.   0.   0.   0.   0.   0.   0.   0.]]
[[  0.   0.   0.   0.   0.   0.   0.   0.   0. 255.]
 [  0.   0.   0.   0.   0.   0.   0.   0.   0.   0.]
 [  0.   0.   0.   0.   0.   0.   0.   0.   0.   0.]
 [  0.   0.   0.   0.   0.   0.   0.   0.   0.   0.]
 [  0.   0.   0.   0.   0.   0.   0.   0.   0.   0.]
 [  0.   0.   0.   0.   0.   0.   0.   0.   0.   0.]
 [  0.   0.   0.   0.   0.   0.   0.   0.   0.   0.]
 [  0.   0.   0.   0.   0.   0.   0.   0.   0.   0.]
 [  0.   0.   0.   0.   0.   0.   0.   0.   0.   0.]
 [  0.   0.   0.   0.   0.   0.   0.   0.   0.   0.]]

[[  0.   0.   0.   0.   0.   0.   0.   0.   0.   0.]
 [  0.   0.   0.   0.   0.   0.   0.   0.   0.   0.]
 [  0.   0.   0.   0.   0.   0.   0.   0.   0.   0.]
 [  0.   0.   0.   0.   0.   0.   0.   0.   0.   0.]
 [  0.   0.   0.   0.   0.   0.   0.   0.   0.   0.]
 [  0.   0.   0.   0.   0.   0.   0.   0.   0.   0.]
 [  0.   0.   0.   0.   0.   0.   0.   0.   0.   0.]
 [  0.   0.   0.   0.   0.   0.   0.   0.   0.   0.]
 [  0.   0.   0.   0.   0.   0.   0.   0.   0.   0.]
 [255.   0.   0.   0.   0.   0.   0.   0.   0.   0.]]
kadai3

[[  0.   0.   0.   0.   0.   0.   0.   0.   0.   0.]
 [  0. 255. 255. 255. 255. 255. 255. 255. 255.   0.]
 [  0. 255. 255. 255. 255. 255. 255. 255. 255.   0.]
 [  0. 255. 255. 255. 255. 255. 255. 255. 255.   0.]
 [  0. 255. 255. 255. 255. 255. 255. 255. 255.   0.]
 [  0. 255. 255. 255. 255. 255. 255. 255. 255.   0.]
 [  0. 255. 255. 255. 255. 255. 255. 255. 255.   0.]
 [  0. 255. 255. 255. 255. 255. 255. 255. 255.   0.]
 [  0. 255. 255. 255. 255. 255. 255. 255. 255.   0.]
 [  0.   0.   0.   0.   0.   0.   0.   0.   0.   0.]]

kadai4

[0]
[010]
[0]

Œ³‰æ‘œ
[[  0   0   0   0   0   0   0   0   0   0   0   0]
 [  0   0   0   0   0   0   0   0   0   0   0   0]
 [  0   0   0   0   0   0   0   0   0   0   0   0]
 [  0   0 255 255 255 255 255 255 255 255   0   0]
 [  0   0 255 255 255 255 255 255 255 255   0   0]
 [  0   0 255 255 255 255 255 255 255 255   0   0]
 [  0   0 255 255 255 255 255 255 255 255   0   0]
 [  0   0 255 255 255 255 255 255 255 255   0   0]
 [  0   0 255 255 255 255 255 255 255 255   0   0]
 [  0   0   0   0   0   0   0   0   0   0   0   0]
 [  0   0   0   0   0   0   0   0   0   0   0   0]
 [  0   0   0   0   0   0   0   0   0   0   0   0]]
•ÏŠ·Œã‚Ì‰æ‘œ
[[  0.   0.   0.   0.   0.   0.   0.   0.   0.   0.   0.   0.]
 [  0.   0.   0.   0.   0.   0.   0.   0.   0.   0.   0.   0.]
 [  0. 255. 255. 255. 255. 255. 255. 255. 255. 255. 255.   0.]
 [  0. 255. 255. 255. 255. 255. 255. 255. 255. 255. 255.   0.]
 [  0. 255. 255. 255. 255. 255. 255. 255. 255. 255. 255.   0.]
 [  0. 255. 255. 255. 255. 255. 255. 255. 255. 255. 255.   0.]
 [  0. 255. 255. 255. 255. 255. 255. 255. 255. 255. 255.   0.]
 [  0. 255. 255. 255. 255. 255. 255. 255. 255. 255. 255.   0.]
 [  0. 255. 255. 255. 255. 255. 255. 255. 255. 255. 255.   0.]
 [  0. 255. 255. 255. 255. 255. 255. 255. 255. 255. 255.   0.]
 [  0.   0.   0.   0.   0.   0.   0.   0.   0.   0.   0.   0.]
 [  0.   0.   0.   0.   0.   0.   0.   0.   0.   0.   0.   0.]]

[[1, 1, 1], [1, 1, 1], [1, 1, 1]]

 [[  0.   0.   0.   0.   0.   0.   0.   0.   0.   0.   0.   0.]
 [  0.   0.   0.   0.   0.   0.   0.   0.   0.   0.   0.   0.]
 [  0.  28.  56.  85.  85.  85.  85.  85.  85.  56.  28.   0.]
 [  0.  56. 113. 170. 170. 170. 170. 170. 170. 113.  56.   0.]
 [  0.  85. 170. 255. 255. 255. 255. 255. 255. 170.  85.   0.]
 [  0.  85. 170. 255. 255. 255. 255. 255. 255. 170.  85.   0.]
 [  0.  85. 170. 255. 255. 255. 255. 255. 255. 170.  85.   0.]
 [  0.  85. 170. 255. 255. 255. 255. 255. 255. 170.  85.   0.]
 [  0.  56. 113. 170. 170. 170. 170. 170. 170. 113.  56.   0.]
 [  0.  28.  56.  85.  85.  85.  85.  85.  85.  56.  28.   0.]
 [  0.   0.   0.   0.   0.   0.   0.   0.   0.   0.   0.   0.]
 [  0.   0.   0.   0.   0.   0.   0.   0.   0.   0.   0.   0.]]


[0, 1, 0],
[1, -4, 1],
[0, 1, 0]
[[  0.   0.   0.   0.   0.   0.   0.   0.   0.   0.   0.   0.]
 [  0.   0.   0.   0.   0.   0.   0.   0.   0.   0.   0.   0.]
 [  0.   0. 255. 255. 255. 255. 255. 255. 255. 255.   0.   0.]
 [  0. 255.   0.   0.   0.   0.   0.   0.   0.   0. 255.   0.]
 [  0. 255.   0.   0.   0.   0.   0.   0.   0.   0. 255.   0.]
 [  0. 255.   0.   0.   0.   0.   0.   0.   0.   0. 255.   0.]
 [  0. 255.   0.   0.   0.   0.   0.   0.   0.   0. 255.   0.]
 [  0. 255.   0.   0.   0.   0.   0.   0.   0.   0. 255.   0.]
 [  0. 255.   0.   0.   0.   0.   0.   0.   0.   0. 255.   0.]
 [  0.   0. 255. 255. 255. 255. 255. 255. 255. 255.   0.   0.]
 [  0.   0.   0.   0.   0.   0.   0.   0.   0.   0.   0.   0.]
 [  0.   0.   0.   0.   0.   0.   0.   0.   0.   0.   0.   0.]]
[[0, 1, 0], [1, -4, 1], [0, 1, 0]]


